function fai = tofai(d,X)
%toxy 将经纬度转换为地图中的xy 其中地图中单位长度为100km
% 定义参考点：空间中1.436730064464512e+02、15.081037195430090°对应（x,y）=(27,5)
fai0=15.081037195430090;
Re=6378145;
X0=4*d;
fai=fai0+(X-X0)/Re*180/pi;
end