function lam = tolam(d,Y)
%toxy 将经纬度转换为地图中的xy 其中地图中单位长度为100km
% 定义参考点：空间中1.436730064464512e+02、15.081037195430090°对应（x,y）=(27,5)
lam0=1.436730064464512e+02;
Re=6378145;
Y0=27*d;
lam=lam0+(Y-Y0)/Re*180/pi;
end