function x = tox(d,lam)
%toxy 将经纬度转换为地图中的xy 其中地图中单位长度为100km
% 定义参考点：空间中1.436730064464512e+02、15.081037195430090°对应（x,y）=(27,5)
lam0=1.436730064464512e+02;
x0=lam0*pi/180*6378145;
x1=lam*pi/180*6378145;
x=round((x1-x0)/d+27);
end

